Submerged arc welding machine
Ultrasonic welding machine
Projection welding machine
Plasma arc welding machine
Laser welding machine
Spot welding machine
Tungsten inert gas welding machine
Welding rectifier
Shielded metal arc welding or stick welding machine
Metal inert gas welding machine
Furnace brazing machine
Induction brazing machine
Furnace soldering machine
Induction soldering machine
Soldering iron
Wave soldering machine
Selective soldering machine
Reflow oven
Flashback arrestor
Welding or cutting tip
Welding or brazing tip cleaner file
Welding generator
Temperature indicating stick
Gas welding or brazing or cutting apparatus
Desoldering tip
Desoldering pump
Desoldering Gun
Braze ring
Blow torch
Blow pipe
Welding screen
Welding tip dresser blade
Welding tip dresser or accessories
Welding or soldering kit
Welding positioner and manipulator
Welding blanket
Gas welding or brazing rod
Welding flux
Welding electrode
Soldering tip
Soldering flux
Desoldering braid
Brazing flux
Anti spatter spray
Metal joining flux
Welding wire
Cutting electrode
Welding rod
Soldering fluid
Iron powder
Solder bar
Solder paste
Solder powder
Solder wire
Solder
